0	299980	20	0	0
1	299980	20	0	0
2	299980	20	0	0
3	299980	20	0	0
4	299980	20	0	0
5	299980	0	20	0
6	299979	1	20	0
7	299979	1	20	0
8	299978	2	20	0
9	299978	2	20	0
10	299976	4	20	0
11	299975	4	21	0
12	299975	4	21	0
13	299974	4	22	0
14	299973	5	22	0
15	299969	7	24	0
16	299964	11	25	0
17	299961	14	25	0
18	299959	15	26	0
19	299955	18	27	0
20	299951	18	31	0
21	299946	18	36	0
22	299942	19	39	0
23	299937	22	41	0
24	299931	24	45	0
25	299924	27	49	0
26	299917	29	54	0
27	299914	28	58	0
28	299909	28	63	0
29	299901	30	69	0
30	299893	31	56	20
31	299879	38	63	20
32	299869	45	66	20
33	299847	62	71	20
34	299831	70	79	20
35	299815	78	87	20
36	299792	87	100	21
37	299765	104	110	21
38	299742	105	131	22
39	299718	113	147	22
40	299693	122	161	24
41	299667	125	183	25
42	299630	135	210	25
43	299592	150	232	26
44	299547	171	255	27
45	299514	179	276	31
46	299452	215	297	36
47	299400	230	331	39
48	299330	262	367	41
49	299269	278	408	45
50	299190	324	437	49
51	299106	346	494	54
52	299023	377	542	58
53	298931	399	607	63
54	298824	445	662	69
55	298692	498	734	76
56	298537	569	811	83
57	298410	613	891	86
58	298258	673	978	91
59	298085	739	1077	99
60	297892	800	1201	107
61	297683	854	1342	121
62	297483	927	1459	131
63	297239	1019	1589	153
64	296972	1113	1746	169
65	296676	1216	1923	185
66	296373	1310	2109	208
67	295993	1490	2282	235
68	295614	1625	2503	258
69	295224	1748	2746	282
70	294807	1869	3017	307
71	294323	2050	3294	333
72	293779	2214	3637	370
73	293249	2365	3978	408
74	292672	2552	4323	453
75	292065	2742	4707	486
76	291386	2937	5129	548
77	290690	3089	5621	600
78	289912	3337	6081	670
79	289121	3551	6597	731
80	288277	3788	7125	810
81	287357	4029	7720	894
82	286496	4194	8333	977
83	285496	4416	9019	1069
84	284491	4630	9703	1176
85	283460	4817	10415	1308
86	282290	5067	11180	1463
87	281100	5396	11914	1590
88	279898	5598	12762	1742
89	278654	5837	13594	1915
90	277398	6062	14432	2108
91	276098	6192	15393	2317
92	274773	6327	16383	2517
93	273307	6591	17341	2761
94	271926	6728	18318	3028
95	270432	6966	19278	3324
96	268965	7133	20275	3627
97	267355	7418	21220	4007
98	265820	7487	22307	4386
99	264240	7686	23298	4776
100	262673	7759	24375	5193
101	261114	7851	25358	5677
102	259524	7831	26424	6221
103	257957	7863	27429	6751
104	256328	7912	28432	7328
105	254748	7925	29392	7935
106	253055	8059	30272	8614
107	251345	8179	31166	9310
108	249764	8193	31955	10088
109	248245	8083	32793	10879
110	246760	7988	33529	11723
111	245194	7861	34302	12643
112	243602	7743	35151	13504
113	242059	7705	35732	14504
114	240457	7788	36246	15509
115	239018	7742	36700	16540
116	237521	7673	37096	17710
117	236129	7473	37498	18900
118	234748	7311	37839	20102
119	233424	7033	38197	21346
120	232025	6993	38380	22602
121	230708	6813	38577	23902
122	229454	6675	38644	25227
123	228168	6580	38559	26693
124	226934	6490	38502	28074
125	225744	6281	38407	29568
126	224543	6165	38257	31035
127	223409	6045	37901	32645
128	222309	5859	37652	34180
129	221180	5754	37306	35760
130	220166	5578	36929	37327
131	219161	5382	36571	38886
132	218185	5224	36115	40476
133	217287	5022	35648	42043
134	216411	4769	35148	43672
135	215526	4640	34582	45252
136	214675	4486	33894	46945
137	213863	4322	33160	48655
138	213082	4205	32477	50236
139	212316	4095	31834	51755
140	211541	3985	31234	53240
141	210815	3860	30519	54806
142	210204	3659	29739	56398
143	209546	3536	28977	57941
144	208929	3387	28141	59543
145	208355	3186	27477	60982
146	207731	3084	26706	62479
147	207142	3062	25925	63871
148	206595	2951	25202	65252
149	206106	2823	24495	66576
150	205608	2747	23670	67975
151	205186	2545	22977	69292
152	204726	2416	22312	70546
153	204307	2288	21573	71832
154	203867	2239	20828	73066
155	203480	2128	20136	74256
156	203088	2098	19357	75457
157	202714	2012	18683	76591
158	202367	1940	18002	77691
159	202041	1826	17313	78820
160	201738	1742	16686	79834
161	201446	1642	16073	80839
162	201178	1536	15471	81815
163	200895	1472	14920	82713
164	200618	1423	14370	83589
165	200357	1381	13788	84474
166	200104	1342	13229	85325
167	199894	1284	12685	86137
168	199689	1206	12187	86918
169	199479	1139	11698	87684
170	199274	1083	11184	88459
171	199067	1037	10711	89185
172	198875	1019	10310	89796
173	198698	991	9857	90454
174	198540	939	9450	91071
175	198379	895	9081	91645
176	198231	836	8664	92269
177	198081	794	8267	92858
178	197962	736	7897	93405
179	197837	703	7566	93894
180	197716	663	7229	94392
181	197601	630	6955	94814
182	197517	564	6645	95274
183	197410	552	6345	95693
184	197319	518	6030	96133
185	197222	494	5764	96520
186	197138	463	5487	96912
187	197048	469	5197	97286
188	196967	443	4957	97633
189	196883	436	4722	97959
190	196818	404	4516	98262
191	196744	394	4308	98554
192	196691	357	4130	98822
193	196634	333	3928	99105
194	196587	296	3735	99382
195	196533	285	3539	99643
196	196478	266	3360	99896
197	196431	260	3203	100106
198	196386	248	3055	100311
199	196338	249	2892	100521
200	196305	228	2741	100726
201	196270	208	2589	100933
202	196241	190	2444	101125
203	196221	165	2312	101302
204	196197	141	2202	101460
205	196172	133	2074	101621
206	196142	128	1961	101769
207	196121	120	1840	101919
208	196104	117	1741	102038
209	196087	110	1640	102163
210	196060	112	1544	102284
211	196037	105	1459	102399
212	196016	105	1396	102483
213	196000	104	1306	102590
214	195985	102	1232	102681
215	195975	85	1162	102778
216	195962	75	1101	102862
217	195946	70	1032	102952
218	195932	68	967	103033
219	195919	66	898	103117
220	195910	65	843	103182
221	195894	68	782	103256
222	195881	65	745	103309
223	195873	59	702	103366
224	195859	60	668	103413
225	195845	65	623	103467
226	195837	57	584	103522
227	195830	51	550	103569
228	195822	51	513	103614
229	195811	48	479	103662
230	195802	43	460	103695
231	195792	45	433	103730
232	195787	43	411	103759
233	195783	39	399	103779
234	195777	34	386	103803
235	195774	28	370	103828
236	195769	23	350	103858
237	195759	28	334	103879
238	195755	28	321	103896
239	195750	27	310	103913
240	195745	29	286	103940
241	195740	29	268	103963
242	195731	28	257	103984
243	195730	25	245	104000
244	195724	26	235	104015
245	195718	27	230	104025
246	195717	23	222	104038
247	195712	19	215	104054
248	195712	18	202	104068
249	195708	16	195	104081
250	195707	11	192	104090
251	195705	12	177	104106
252	195701	11	169	104119
253	195695	17	161	104127
254	195694	14	151	104141
255	195689	18	138	104155
256	195687	18	132	104163
257	195684	17	129	104170
258	195681	14	127	104178
259	195681	13	117	104189
260	195680	9	113	104198
261	195677	10	105	104208
262	195677	7	103	104213
263	195675	6	102	104217
264	195674	7	96	104223
265	195673	7	94	104226
266	195672	5	92	104231
267	195671	6	82	104241
268	195670	5	80	104245
269	195670	4	76	104250
270	195669	4	72	104255
271	195669	3	68	104260
272	195668	3	60	104269
273	195667	3	60	104270
274	195665	5	54	104276
275	195663	6	49	104282
276	195663	6	48	104283
277	195663	5	44	104288
278	195661	6	45	104288
279	195660	5	43	104292
280	195659	4	44	104293
281	195659	4	42	104295
282	195659	4	38	104299
283	195659	2	34	104305
284	195657	3	34	104306
285	195655	4	30	104311
286	195654	5	28	104313
287	195654	5	25	104316
288	195654	5	22	104319
289	195654	3	24	104319
290	195654	1	25	104320
291	195654	0	23	104323
292	195654	0	23	104323
293	195654	0	21	104325
294	195654	0	20	104326
295	195653	1	19	104327
296	195653	1	18	104328
297	195653	1	17	104329
298	195653	1	16	104330
299	195653	1	16	104330
300	195653	0	16	104331
301	195653	0	16	104331
302	195653	0	15	104332
303	195653	0	14	104333
304	195653	0	12	104335
305	195652	1	10	104337
306	195652	1	10	104337
307	195652	1	10	104337
308	195652	1	8	104339
309	195652	1	7	104340
310	195652	0	7	104341
311	195652	0	7	104341
312	195652	0	7	104341
313	195652	0	7	104341
314	195652	0	5	104343
315	195652	0	3	104345
316	195652	0	2	104346
317	195652	0	2	104346
318	195652	0	2	104346
319	195652	0	2	104346
320	195652	0	2	104346
321	195652	0	2	104346
322	195652	0	2	104346
323	195652	0	2	104346
324	195652	0	2	104346
325	195652	0	1	104347
326	195652	0	1	104347
327	195652	0	1	104347
328	195652	0	1	104347
329	195652	0	1	104347
330	195652	0	1	104347
331	195652	0	1	104347
332	195652	0	1	104347
333	195652	0	1	104347
334	195652	0	1	104347
