0	299980	20	0	0
1	299980	20	0	0
2	299980	20	0	0
3	299980	20	0	0
4	299980	20	0	0
5	299979	1	20	0
6	299976	4	20	0
7	299973	7	20	0
8	299972	8	20	0
9	299968	12	20	0
10	299968	11	21	0
11	299965	11	24	0
12	299964	9	27	0
13	299962	10	28	0
14	299961	7	32	0
15	299957	11	32	0
16	299952	13	35	0
17	299946	18	36	0
18	299940	22	38	0
19	299938	23	39	0
20	299936	21	43	0
21	299932	20	48	0
22	299930	16	54	0
23	299919	21	60	0
24	299908	30	62	0
25	299899	37	64	0
26	299891	41	68	0
27	299884	46	70	0
28	299875	44	81	0
29	299866	42	92	0
30	299853	46	81	20
31	299844	47	89	20
32	299832	52	96	20
33	299826	49	105	20
34	299807	59	114	20
35	299791	62	126	21
36	299783	61	132	24
37	299774	58	141	27
38	299760	66	146	28
39	299744	63	161	32
40	299728	63	177	32
41	299709	74	182	35
42	299687	87	190	36
43	299669	91	202	38
44	299647	97	217	39
45	299623	105	229	43
46	299591	118	243	48
47	299568	119	259	54
48	299549	120	271	60
49	299513	134	291	62
50	299485	138	313	64
51	299449	142	341	68
52	299404	164	362	70
53	299363	186	370	81
54	299322	191	395	92
55	299290	195	414	101
56	299242	207	442	109
57	299205	199	480	116
58	299158	205	512	125
59	299097	225	544	134
60	299040	250	563	147
61	298987	255	602	156
62	298927	278	627	168
63	298869	289	668	174
64	298802	295	710	193
65	298726	314	751	209
66	298647	340	796	217
67	298552	375	847	226
68	298447	422	891	240
69	298351	451	942	256
70	298246	480	1002	272
71	298122	525	1062	291
72	298010	542	1135	313
73	297867	580	1222	331
74	297736	615	1296	353
75	297588	658	1377	377
76	297439	683	1469	409
77	297275	735	1558	432
78	297120	747	1682	451
79	296919	817	1777	487
80	296717	871	1897	515
81	296523	916	2010	551
82	296339	936	2129	596
83	296097	1023	2243	637
84	295862	1057	2403	678
85	295619	1098	2573	710
86	295328	1195	2719	758
87	295047	1292	2866	795
88	294775	1322	3061	842
89	294434	1428	3235	903
90	294098	1521	3421	960
91	293721	1607	3659	1013
92	293348	1699	3880	1073
93	292958	1817	4094	1131
94	292539	1895	4368	1198
95	292079	2019	4628	1274
96	291619	2102	4926	1353
97	291115	2233	5204	1448
98	290581	2377	5489	1553
99	290024	2515	5812	1649
100	289424	2655	6167	1754
101	288798	2821	6503	1878
102	288183	2932	6895	1990
103	287499	3082	7286	2133
104	286761	3263	7712	2264
105	285951	3473	8164	2412
106	285153	3645	8641	2561
107	284334	3849	9092	2725
108	283448	4051	9621	2880
109	282495	4266	10158	3081
110	281475	4476	10766	3283
111	280379	4774	11370	3477
112	279213	5121	12005	3661
113	277995	5453	12649	3903
114	276765	5730	13367	4138
115	275447	6028	14144	4381
116	274104	6275	14949	4672
117	272629	6584	15834	4953
118	271145	6850	16780	5225
119	269500	7265	17669	5566
120	267823	7624	18651	5902
121	266066	8038	19617	6279
122	264249	8380	20719	6652
123	262263	8882	21813	7042
124	260246	9254	23039	7461
125	258197	9626	24256	7921
126	256009	10057	25553	8381
127	253757	10492	26866	8885
128	251401	10862	28318	9419
129	248919	11327	29778	9976
130	246379	11818	31227	10576
131	243664	12345	32789	11202
132	240902	12855	34426	11817
133	238091	13310	36098	12501
134	235108	13811	37842	13239
135	232006	14373	39572	14049
136	228823	14841	41489	14847
137	225438	15464	43432	15666
138	222058	16033	45357	16552
139	218772	16336	47387	17505
140	215235	16771	49469	18525
141	211570	17253	51556	19621
142	207845	17593	53775	20787
143	203966	18092	55937	22005
144	200112	18660	57993	23235
145	196177	19058	60212	24553
146	192162	19408	62534	25896
147	188038	19807	64784	27371
148	183825	20141	67179	28855
149	179604	20508	69388	30500
150	175378	20799	71646	32177
151	171162	21000	73904	33934
152	166809	21229	76211	35751
153	162490	21335	78438	37737
154	158167	21437	80642	39754
155	153846	21532	82819	41803
156	149533	21629	84847	43991
157	145234	21575	86948	46243
158	140888	21602	88911	48599
159	136636	21531	90752	51081
160	132456	21390	92533	53621
161	128324	21209	94131	56336
162	124158	21076	95668	59098
163	120188	20700	97203	61909
164	116236	20400	98472	64892
165	112494	19962	99550	67994
166	108800	19524	100499	71177
167	105239	18919	101280	74562
168	101655	18533	101870	77942
169	98165	18071	102536	81228
170	94878	17616	102741	84765
171	91724	17076	102770	88430
172	88733	16506	102606	92155
173	85708	15947	102311	96034
174	82889	15276	101947	99888
175	80177	14701	101299	103823
176	77536	14188	100438	107838
177	74989	13744	99305	111962
178	72596	13112	98117	116175
179	70297	12592	96715	120396
180	67991	12186	95201	124622
181	65871	11665	93626	128838
182	63881	11108	91820	133191
183	61964	10632	89894	137510
184	60127	10170	87870	141833
185	58433	9558	85855	146154
186	56795	9076	83662	150467
187	55278	8603	81353	154766
188	53773	8191	78924	159112
189	52410	7717	76509	163364
190	51174	7259	74023	167544
191	49989	6806	71529	171676
192	48865	6413	68880	175842
193	47785	5988	66415	179812
194	46796	5614	63826	183764
195	45811	5363	61320	187506
196	44901	5088	58811	191200
197	44046	4819	56374	194761
198	43264	4521	53870	198345
199	42519	4277	51369	201835
200	41873	3938	49067	205122
201	41205	3696	46823	208276
202	40585	3461	44687	211267
203	40051	3213	42444	214292
204	39506	3013	40370	217111
205	39004	2869	38304	219823
206	38529	2676	36331	222464
207	38077	2508	34404	225011
208	37670	2381	32545	227404
209	37297	2209	30791	229703
210	36975	2029	28987	232009
211	36622	1907	27342	234129
212	36285	1792	25804	236119
213	35957	1713	24294	238036
214	35681	1616	22830	239873
215	35443	1532	21458	241567
216	35196	1426	20173	243205
217	34981	1304	18993	244722
218	34784	1173	17816	246227
219	34583	1098	16729	247590
220	34413	1030	15731	248826
221	34258	938	14793	250011
222	34103	878	13884	251135
223	33969	815	13001	252215
224	33798	785	12213	253204
225	33665	748	11398	254189
226	33564	694	10643	255099
227	33459	644	9943	255954
228	33358	611	9295	256736
229	33260	538	8721	257481
230	33168	497	8208	258127
231	33074	490	7641	258795
232	33008	451	7126	259415
233	32932	426	6693	259949
234	32854	406	6246	260494
235	32791	377	5836	260996
236	32722	352	5455	261471
237	32656	352	5069	261923
238	32600	332	4738	262330
239	32549	305	4443	262703
240	32510	281	4184	263025
241	32471	251	3900	263378
242	32434	222	3629	263715
243	32401	199	3357	264043
244	32368	181	3132	264319
245	32334	176	2933	264557
246	32306	165	2725	264804
247	32280	154	2547	265019
248	32253	148	2383	265216
249	32219	149	2215	265417
250	32202	132	2079	265587
251	32176	130	1952	265742
252	32153	127	1823	265897
253	32141	112	1716	266031
254	32125	94	1579	266202
255	32100	102	1463	266335
256	32086	90	1388	266436
257	32067	86	1306	266541
258	32052	89	1217	266642
259	32043	82	1135	266740
260	32025	75	1068	266832
261	32008	78	988	266926
262	31991	76	941	266992
263	31987	65	880	267068
264	31977	66	811	267146
265	31964	61	766	267209
266	31956	52	714	267278
267	31946	45	665	267344
268	31942	45	613	267400
269	31935	42	572	267451
270	31930	34	546	267490
271	31926	30	515	267529
272	31917	29	488	267566
273	31915	27	459	267599
274	31910	25	433	267632
275	31907	23	404	267666
276	31905	21	380	267694
277	31900	17	363	267720
278	31896	19	338	267747
279	31893	17	309	267781
280	31890	17	295	267798
281	31887	18	271	267824
282	31884	16	253	267847
283	31882	14	245	267859
284	31878	15	232	267875
285	31873	17	210	267900
286	31870	17	199	267914
287	31868	16	183	267933
288	31867	15	170	267948
289	31864	14	165	267957
290	31860	13	152	267975
291	31859	11	138	267992
292	31858	10	123	268009
293	31857	10	120	268013
294	31854	10	113	268023
295	31852	8	104	268036
296	31846	13	97	268044
297	31845	13	88	268054
298	31843	14	85	268058
299	31843	11	81	268065
300	31842	10	78	268070
301	31841	5	80	268074
302	31840	5	72	268083
303	31840	3	72	268085
304	31840	3	67	268090
305	31840	2	65	268093
306	31840	1	64	268095
307	31840	0	60	268100
308	31840	0	56	268104
309	31840	0	53	268107
310	31838	2	50	268110
311	31838	2	47	268113
312	31836	4	44	268116
313	31836	4	42	268118
314	31835	5	38	268122
315	31835	3	35	268127
316	31835	3	32	268130
317	31834	2	32	268132
318	31834	2	31	268133
319	31834	1	29	268136
320	31834	1	25	268140
321	31834	1	24	268141
322	31833	1	24	268142
323	31832	2	23	268143
324	31832	2	20	268146
325	31831	3	18	268148
326	31831	3	12	268154
327	31831	2	12	268155
328	31831	1	11	268157
329	31830	2	11	268157
330	31830	1	11	268158
331	31830	1	10	268159
332	31830	1	9	268160
333	31830	1	9	268160
334	31830	0	10	268160
335	31830	0	10	268160
336	31829	1	10	268160
337	31829	1	10	268160
338	31829	1	10	268160
339	31828	2	10	268160
340	31828	2	8	268162
341	31828	1	9	268162
342	31828	1	7	268164
343	31827	2	7	268164
344	31826	2	7	268165
345	31825	3	7	268165
346	31825	3	7	268165
347	31825	3	6	268166
348	31825	2	7	268166
349	31825	1	8	268166
350	31824	1	9	268166
351	31824	1	9	268166
352	31824	1	8	268167
353	31824	1	7	268168
354	31824	1	7	268168
355	31824	0	7	268169
356	31824	0	7	268169
357	31824	0	7	268169
358	31824	0	7	268169
359	31824	0	6	268170
360	31824	0	6	268170
361	31824	0	6	268170
362	31824	0	6	268170
363	31824	0	6	268170
364	31824	0	6	268170
365	31824	0	6	268170
366	31824	0	5	268171
367	31824	0	5	268171
368	31824	0	5	268171
369	31824	0	4	268172
370	31824	0	4	268172
371	31824	0	4	268172
372	31824	0	4	268172
373	31824	0	3	268173
374	31824	0	2	268174
375	31824	0	1	268175
376	31824	0	1	268175
377	31824	0	1	268175
378	31824	0	1	268175
379	31824	0	1	268175
